.Random.seed <-
c(403L, 1L, 2131804697L, 1876632232L, 1914964054L, -1075608367L, 
22446211L, 1243681554L, 761104036L, -897699225L, -1789449283L, 
-1730247372L, 108920474L, -1060778779L, -1976406401L, 902100998L, 
282540944L, -1660533197L, 812963281L, 65906560L, -933512610L, 
-340237911L, -1145941925L, 1182107754L, -550885108L, 1971413839L, 
-29179899L, 1769905852L, 326743954L, -1213111155L, -990854457L, 
1537389486L, -1484329464L, -1813495285L, -450784535L, 401841592L, 
-337683866L, 1253844737L, -2136141421L, 487696962L, 1485848052L, 
1949075447L, -503514131L, -1790290812L, -496678230L, 1184669717L, 
1493584047L, -1223309642L, -1462627104L, 50509859L, 313861953L, 
1051806256L, -1308338098L, -775190343L, 2089532619L, -733675142L, 
123518076L, 1089747135L, -309228139L, 1890241964L, 1444382594L, 
-1532883619L, -364084137L, 1136894782L, -310129800L, 417032283L, 
1881485241L, -581014008L, 411483318L, -17519631L, -1963764189L, 
-1696266638L, -1345299260L, 2100173447L, 304353885L, -1424550828L, 
1179188858L, -1997374011L, 398917407L, -872830298L, -2014671824L, 
1097019091L, -642200335L, 791283744L, -36704578L, -490009911L, 
-1499627397L, -1292550582L, 184527532L, 139500975L, -708317851L, 
-1163199716L, 726622066L, -1152371731L, 1056076839L, -335942578L, 
722636968L, -821199189L, 765746121L, 207566808L, 729734790L, 
-568187039L, 1233754867L, -594410142L, -971303980L, -826894633L, 
-64070451L, 415218788L, 546820682L, 2049439669L, 1562774287L, 
-626034666L, 2092139200L, -294660989L, -782745439L, 784590480L, 
1581069678L, -492297447L, 896083883L, 421266842L, 1318789468L, 
-449169313L, -1301145547L, -1922540596L, -1658843358L, -2058202755L, 
-656860553L, -1159838818L, -1739140520L, 1980160955L, 465349977L, 
1585325800L, 954324758L, 556054673L, 650646851L, -986427310L, 
210260708L, 1162200359L, -1732313731L, -1465723788L, -1276035494L, 
1166781093L, -254553921L, -25316538L, 1838146000L, 520389619L, 
764615441L, -155645120L, -1459424482L, 472972265L, 72847643L, 
702384938L, 353832012L, -617331697L, 68022085L, 515016956L, -766183598L, 
-1942931251L, -2012354425L, -850166930L, -492507832L, 1295743307L, 
1525591209L, -1887236616L, 1509676326L, -1714715071L, 722440147L, 
1068369282L, 375925172L, 2010936631L, -1244479443L, -32109244L, 
1537477226L, 1916085461L, -810020241L, 401012598L, 1684363424L, 
1767084387L, 349979137L, -2028482192L, -1917538034L, -1920474247L, 
-1837651189L, 189682746L, -2062044356L, 1688004735L, -1136292907L, 
-638425620L, -2068125886L, -154711907L, -292122345L, -1759082370L, 
984948792L, -1302767845L, 882627705L, -1383924536L, 147557622L, 
-919835343L, 24202595L, -1246294222L, -2086803324L, 1856967879L, 
-930703459L, -788659436L, -471076422L, 714442757L, 255221215L, 
2138345574L, -2144362512L, -610551533L, -1879390543L, -324275872L, 
1607132926L, -301923703L, -127787589L, -420313206L, -1353675156L, 
-1416327185L, -1167849435L, 1264888028L, 1952026290L, -1699405395L, 
-696187545L, 1915228814L, 713063272L, -1292745877L, 186031369L, 
1058698136L, -1962851642L, 1423914178L, -1388356056L, 490998188L, 
1998484284L, 476877682L, -44067024L, 1191921700L, 1292459576L, 
-1841188134L, 1838950288L, 180448508L, 18552212L, -1165192382L, 
-1782208000L, 10356796L, 837085776L, 1558167714L, -798026936L, 
-1098235380L, 2057491164L, -1611315118L, -1638757248L, -861556908L, 
-695148568L, -1502913798L, -514244784L, 616191020L, 278253940L, 
-1906747758L, -1207756192L, -817457012L, 1413966176L, -805975838L, 
-1605204824L, -1902944564L, -1384986116L, -177294414L, -618882064L, 
955812292L, -1811247784L, -978355846L, 1532680624L, -719371844L, 
-1242239404L, 37632450L, 897526560L, -1592198212L, -821079984L, 
1639998434L, -1983985816L, -981991604L, 1725624060L, 767201010L, 
996584704L, 717448308L, -419631608L, -1283695174L, -1047304752L, 
1344475116L, 1455844244L, -1991143214L, -1240318880L, -1923754676L, 
-924775648L, 1983019650L, 560521704L, 600368108L, 1880094268L, 
-192799118L, 173650800L, -2138952412L, -1567933896L, 1804997018L, 
1939506640L, 1574970812L, 81643156L, 548274818L, 593499584L, 
-649785540L, -1487662448L, -182663390L, -370633208L, -1785838836L, 
2078251932L, -1017584622L, 1114518400L, 1107405588L, -898788056L, 
-1451331526L, 1230869456L, 1873009260L, 455056436L, 1736431762L, 
639377760L, 613813580L, 287231456L, 1052816290L, -2058286168L, 
476957836L, 1662215100L, 1850121330L, 789018608L, -476375996L, 
415660120L, -1571798982L, -1361334160L, 1558369852L, -1135880428L, 
1383770818L, 546714336L, 240217212L, 66313424L, -1336202334L, 
-1327133144L, 1742027020L, 141850556L, 1088850226L, -560914240L, 
1099768372L, 168266440L, -374662470L, 1075291280L, -1623730452L, 
1621900884L, -1545714030L, 1649735456L, -874436660L, -128827168L, 
355843778L, -366476248L, 212323244L, -1334281540L, 245418482L, 
400709168L, 1272260516L, -2042211912L, -927124646L, 1661039760L, 
-2130986116L, -237594860L, -2083746494L, 43261696L, 1306448828L, 
-183701680L, 1389132066L, 371229256L, -1710215156L, -1741138852L, 
508264914L, -691429888L, 172282196L, 2001121512L, 144314618L, 
-892778800L, -206147284L, 1015124212L, -1835283054L, 459868512L, 
-1594308596L, -1564376352L, 60914274L, 2133455528L, 1030269516L, 
104619900L, 1472546098L, -1556851088L, 1497273156L, -1003149352L, 
-1000482950L, 738371120L, 892426172L, -368339372L, -1224400830L, 
-204197728L, 310580924L, -970663472L, 1214231394L, 1683108584L, 
-1109827380L, 2044101116L, -528408078L, -852358528L, -1976287756L, 
-1055578488L, -116973766L, 740995920L, -624792468L, 2131308948L, 
-3107758L, 1723171296L, 484969676L, 193496224L, 253683074L, 732399848L, 
124565228L, 1355941180L, 1727110258L, 1365899376L, -1370869724L, 
-203473864L, -991072486L, 795700432L, -676692164L, -1998792812L, 
863257474L, -593090112L, -1130242500L, 2073888144L, -54010334L, 
1327260936L, 2070929036L, 60051228L, -574029678L, 1213225344L, 
-962488812L, 1582993192L, -1740584390L, -452583984L, 1012689260L, 
585327540L, -391907310L, -1384626720L, 1780971468L, 1710719200L, 
1776531490L, -1337052888L, -1741943284L, -115262497L, -601247383L, 
-326607490L, 2119351660L, -1573952067L, -222697849L, -16407952L, 
305285390L, 1392268859L, 841352477L, -309194806L, 741218536L, 
1361263569L, -1315734077L, -2083252540L, 1770003826L, -1520447417L, 
-1918184431L, 1314641302L, 193636596L, 1664623237L, -1143469105L, 
1974551240L, -769244314L, 400521619L, -413125899L, -759911726L, 
414192928L, 1658559753L, -613897669L, 1405484940L, 1989598746L, 
692479631L, -934567463L, 1608603246L, -749513220L, 1035202413L, 
-1974068969L, -976767776L, -190350658L, 1684797579L, 275506957L, 
961292090L, -818782344L, -1032743647L, 65144275L, 1579394292L, 
-447324798L, -1004705769L, -982757663L, 1667389478L, 988765476L, 
-263666219L, 1289308543L, -200755176L, -162904266L, 946815427L, 
-1794682875L, -1105964126L, 1057177488L, 471161657L, -1062801429L, 
1162547420L, -1063161590L, -1262141441L, 8098377L, -673998882L, 
1858975628L, 756950877L, 29204327L, 293725328L, -582153554L, 
-530831525L, 522843965L, -543259222L, 1240656456L, -649287055L, 
1975258083L, 1503876836L, -1468436974L, 525679079L, -1011485263L, 
34911222L, 1666932244L, 1068646693L, 629074479L, -432918552L, 
-1268803386L, 1456405875L, 1394468309L, -150296142L, 1399728000L, 
-80209047L, 1518383067L, -154765524L, 1916492090L, -2058795025L, 
-1279208839L, -238455538L, 1351212252L, -1722993843L, 267918007L, 
1758312512L, 1097447710L, 1150067691L, -694743187L, -1079188006L, 
-32417896L, -251783679L, 2001311667L, -1986640172L, 310222818L, 
1658110583L, -1021846591L, -1014421178L, 32888964L, -132571595L, 
-1185397217L, -438689416L, 2136162390L, 1030614243L, 1314810533L, 
2029565762L, 1572521264L, 727291225L, 1488590539L, 1715949372L, 
-780187798L, -976878177L, -485991383L, -554631490L, -1955631188L, 
-986327811L, 1074401351L, -1512640720L, -405735346L, 663229563L, 
185096157L, 1889150474L, -1612563672L, 1139590545L, 820501379L, 
